899615
40843312
56829905
58463883
82843306
92380665
94388140
96706602
107530559
111045671
111279734
114725746
115023427
126415940
127633037
133716301
137840193
143253458
145316829
157992186
161832959
180133534
180695609
195860337
202491469
203283098
206421616
218944165
222571691
229732463
233776437
240634385
254918180
255114999
257646227
274200802
277617914
283130515
286453660
287419609
288030927
300190627
300206682
300339997
304215206
309185438
311007878
313334402
314391904
318032803
322997136
326682814
327841341
329390307
332327198
335334090
335828439
338397901
339766226
344195021
345808852
346696518
354561323
356719669
358183936
358853260
364663405
365035468
365256614
370188782
372339623
372859355
375070188
375799189
375955587
375975746
376435864
381413558
381508498
382767358
386510698
389552546
390802958
391195367
392079788
393327505
394840477
395743733
398965819
399633522
401519805
404869101
406398879
409272394
410026273
410504690
411146248
411532300
414231883
414570769
417239617
418080925
418093818
422129943
422382397
422528888
423289140
425893070
427009325
428680741
429682138
429898028
430340862
431528372
436346935
437573561
438114141
438793996
439537021
440079711
440254710
441038952
441158740
442849069
443076905
443199383
444414019
445855011
447278153
448966522
452810052
455464334
458916773
459420440
459425079
460799583
462847439
466254463
470363098
471579460
472039696
472526248
473559774
476306949
479350843
482055820
483687994
484272426
487112155
487649976
487832581
491835940
492224149
492378511
492863325
493501986
493574908
494760321
495153295
496078039
497599203
497656638
498413055
498585809
504123887
504155346
504847458
505548885
509489408
512926089
515768076
520050153
520950820
522579526
524050805
524263034
525217459
528666481
530319867
537460386
538944890
542553870
542593970
543214434
543909603
544561930
545996615
546393777
551862961
557370097
557781739
559228524
560571578
561004777
561731732
563689160
563864556
570774109
570865062
573006598
585709753
587786056
588366240
588836477
589048885
593168556
594243512
595013745
595111559
596232127
598046535
598065548
601564980
601973089
602396414
602671674
602676526
603028273
603424560
604506407
604520103
604681947
605151695
606208484
606699349
606796695
608084887
608542741
610044642
615254420
615934371
616325551
616386716
617361351
617779462
619727585
620932549
622051378
622771903
627403506
627867896
629859252
630683953
631681690
632082371
632154458
632426507
632710766
632768284
632825740
634892566
634950667
635469361
635523965
636914292
637154266
637458487
638295485
639261959
644138883
644356931
644403767
644443948
645530155
646926678
647819070
649932266
650453853
651242855
652703605
654264028
655446103
655514596
655685558
656535154
658396091
658759868
659870709
659976281
660808541
661157703
661913990
662987597
663723483
664406194
665085827
665393994
666289688
666299471
667428033
668270733
670421740
673230829
673820621
673852425
675445628
676321392
679244918
681622820
682537794
682770163
683396394
683643707
684787667
688104721
688324501
688833161
690165012
690245471
690668108
690682668
691074218
691663352
691739786
692901607
693995178
694018611
694910801
695046025
696082779
696633587
698877015
699767746
701741765
701933504
703998645
705802719
706224960
706923809
707382563
707796580
708800467
708894458
709169634
709671343
710703449
713320680
713850292
715456061
716627238
717500566
717652640
717959862
722215779
722302939
722475943
723204694
723551082
724262136
724477086
725150027
725307930
727097667
727362376
727406656
727693215
727724506
728701845
729035711
729657170
738882164
741117014
743038171
743840031
744042732
744743014
744929628
745787472
745896495
746162249
751894323
752923235
754535642
755600306
755619052
756117730
756253195
756716051
758032512
758089728
758197454
759149661
759750120
761325131
762030829
762521827
762576009
763210116
764301459
767562522
767678772
770451863
770510248
770539618
772015303
773601288
774684950
775320120
775539869
776951723
777067248
777343902
778299951
784782797
785479051
785677324
786187431
786408889
786472747
787365848
787632030
788439696
788562779
791907302
792656274
796128212
797053315
797489271
797928666
806914935
807258042
808362145
808767185
808901291
809438389
812098044
813230045
814032514
814973452
815162246
815378646
816306531
817464118
817471416
817766399
817779613
818528298
819434679
820583219
821299610
821616088
823142461
823314389
824093285
824147112
824377323
825540296
825847371
826613939
827213784
827297617
827742053
829237361
831787118
832122624
832234295
832366210
832393464
834133841
834440313
836020734
836487363
836797096
838849287
840289980
841801238
843332443
843460330
844304686
845103288
845729998
846207004
846391054
846879015
847236229
847282491
847650479
847848317
848471673
848654489
848796681
849128483
849472107
850283258
850389333
851579065
853221686
855481703
856023870
856662964
857355573
857998719
858680946
858720753
858954275
859683485
862241062
865316365
865765845
867457547
867714249
868917351
869151180
869166764
871020999
872267107
872298029
873011053
874984582
875189516
875956150
877236650
877424172
877752691
877904917
878554185
879404242
880762536
882190760
882526424
882926487
883727365
884020602
884150744
884194875
884818890
884918499
885465732
886162276
887551629
887586264
887888146
888572982
888680160
888842317
889032748
889195633
889903045
890705888
892219829
894403608
895291724
896443395
897440307
900215111
900237109
900501316
901586747
901788204
902349091
902910309
903649263
904859566
905642668
906048720
907510821
910296586
910558419
910785940
911403119
915146003
915599773
915600440
916179559
916435252
916893428
917728502
917945574
921282773
921898259
922146313
922708942
923575554
924577249
925071678
925203306
926390800
926968591
927345815
927493180
928035102
928185581
928324067
928579692
929359953
930332563
934307207
934546492
935230472
935673341
936327789
936357514
937228389
937530972
938871071
940532347
940780598
941347619
941953107
942447105
943155868
943265917
943454855
943594663
943678928
944295084
944850671
945295003
946907779
947908777
948100756
948784400
948973629
951336232
951546955
952924973
953031293
954497097
956013473
957945228
959085063
960762211
962119044
963352569
966565305
969085146
969178728
970021049
970114267
970149863
970439977
971171994
971296167
971408622
971456284
971949819
973489498
975289857
978615416
978652313
979073626
979132648
981119894
981552610
983840794
984554181
984645114
984719606
985454977
986594306
987119136
987478866
987483425
987485106
988009714
989623013
990182816
990288793
991167278
991642340
993541462
993605182
993781968
993846878
998224277
999291398
999479292
999641515
1000005447
1000456752
1003530298
1005532907
1006077481
1007447521
1008996845
1009667181
1009899568
1011768229
1011984435
1014207722
1015121818
1015397557
1015409559
1017250471
1017872840
1019205802
1019735907
1023395991
1024445953
1024772362
1025030982
1025110422
1025834076
1026241663
1027317489
1027756218
1028052661
1029257108
1029615436
1030901337
1031837785
1032795799
1033559393
1034094798
1034622635
1034680620
1035315200
1035594154
1036052092
1036214087
1037500033
1038508351
1039674195
1040224087
1040908003
1041661955
1042141388
1042605430
1042822663
1045060635
1045278826
1045830358
1046447908
1048008846
1048919340
1049604603
1049960876
1051316959
1051423651
1051743082
1051901160
1052136388
1052835312
1053100233
1054568219
1054598670
1054730381
1055555266
1056472799
1057243444
1057541554
1057991563
1058063806
1058450079
1058612954
1060354673
1060747415
1060961325
1061718790
1062480636
1062723677
1063901134
1064073336
1064903366
1065493558
1066305379
1067026096
1067284293
1067962055
1068512473
1069687042
1069989574
1071097782
1071471954
1071524255
1072176638
1072440634
1072741077
1072818238
1073519677
1074777100
1075719820
1076338975
1077011968
1077300086
1077620270
1079579099
1079617413
1079885904
1080053911
1081633226
1082144663
1082294516
1084013440
1084420579
1084797937
1084926224
1085070019
1085521489
1087526025
1088748891
1088888828
1089011646
1089449644
1089809416
1089932912
1091392150
1092196981
1092357303
1093929423
1093952878
1094214674
1094717789
1094923217
1094958420
1096824675
1097379245
1099138294
1100485961
1102377101
1102616938
1103651492
1103859801
1103931826
1103954751
1105330378
1106294254
1107002240
1109768352
1109973033
1110166554
1110992665
1111227576
1112421465
1112754841
1113171643
1113825574
1115077727
1115229837
1116048551
1118022327
1118180280
1119309250
1121545902
1121610094
1123116920
1125075142
1128589277
1129382256
1129546617
1129994775
1130419068
1131598764
1131852762
1132959496
1133630309
1133683180
1135391858
1135745064
1136027051
1136859262
1137296356
1138440270
1138970277
1139407873
1139863846
1139999205
1140011049
1140157225
1140409329
1140870593
1141632609
1141688649
1141761092
1142090181
1142739776
1143041162
1145111945
1145487526
1147758657
1148574297
1149017128
1149421335
1149772911
1149915555
1149923722
1150694662
1152200935
1152307718
1152700106
1154033470
1154324409
1154690958
1154927487
1155294835
1155566380
1155978555
1156192627
1156528741
1157247973
1158035842
1158956026
1161839881
1162178961
1163428113
1163798236
1164158156
1164255429
1164515111
1165441927
1165879693
1166263101
1166386357
1166750863
1167732771
1171387901
1172973896
1174138214
1174659467
1175386206
1177854429
1178673235
1178869088
1179461014
1182149173
1182203584
1182875418
1182877706
1183306195
1183426468
1184069688
1184925552
1186946014
1187501974
1187544450
1188504884
1188707230
1189245486
1189671592
1190162973
1192156958
1193846624
1194642204
1196795529
1196932932
1197184578
1197688080
1197819163
1199333247
1200413512
1200953432
1201334335
1201347146
1201623910
1201832805
1203846901
1204014581
1204067722
1204563636
1205554146
1206254483
1206271994
1206598224
1208011284
1208196213
1210720554
1210930364
1211426209
1211948369
1211956890
1212384933
1212665961
1213389090
1214536892
1214849701
1215165060
1215339560
1216165750
1216859948
1217097293
1217319080
1218066610
1218155917
1218285357
1222658378
1223208770
1223472322
1224114387
1226293358
1226919939
1227133607
1227335029
1227877487
1227929900
1228237919
1229577677
1229597460
1231983833
1232339243
1233146514
1233865573
1234423946
1234762164
1235389718
1235865483
1236171880
1236446030
1237572473
1237980559
1238096007
1238261369
1238406153
1238476167
1238720905
1239674291
1240776102
1241082906
1241436452
1244230484
1244735358
1245304762
1245305515
1245721361
1245982918
1246422366
1246694432
1246714948
1246783518
1247340787
1247892931
1248783214
1250134090
1250285051
1250383287
1250908511
1251103854
1251810718
1251963043
1251994294
1253061109
1253080854
1253620505
1253870824
1254146417
1254286643
1255022129
1255186873
1255950744
1256695127
1256961953
1259036052
1259234710
1259860757
1260843142
1260886763
1260937066
1261486525
1263149686
1263397700
1264027877
1264133691
1265511272
1265746952
1266129031
1266634990
1269802512
1270190681
1271490619
1271747674
1272523256
1272878643
1272899143
1272901573
1273138419
1273203433
1273634370
1274458555
1274699749
1275354266
1275603269
1276196774
1277907454
1279184604
1279508584
1279612483
1280418299
1280852677
1281415328
1281766449
1282138184
1282432057
1284391908
1286548732
1286558933
1286893397
1287028156
1288516500
1289578573
1290797524
1291040908
1291479278
1291558472
1291651382
1292614008
1292753907
1294461965
1295188147
1295196812
1295915733
1296066771
1296210755
1297628984
1298586808
1299064120
1299788041
1299926623
1302127888
1302972689
1303145262
1303593371
1304964773
1305513029
1306230278
1306959587
1309282024
1310521263
1311833611
1312617505
1314067839
1314327918
1315075142
1315140694
1315281786
1317776772
1318125988
1318575381
1318828830
1319935523
1320815601
1322177913
1323418588
1328093819
1328284557
1330857545
1331483118
1331583260
1331661648
1332550212
1332719637
1334059954
1334284704
1335761078
1336449921
1336941461
1339384759
1339539320
1340349259
1340946264
1341345261
1341719445
1341950790
1343888584
1343992559
1344927795
1345883602
1346060443
1346208056
1346383547
1347729787
1347770933
1348114309
1348899919
1349454521
1350256237
1352194821
1352620088
1353503760
1356318696
1356940838
1357656258
1357973357
1358197129
1358332363
1359415171
1359900896
1360023522
1361683896
1361741758
1363079192
1363199530
1364500228
1365104961
1365497750
1366795920
1367353781
1368516955
1368610583
1368912785
1371989212
1372759694
1372894827
1373963434
1374485714
1375517424
1375958425
1376348454
1376823748
1377588195
1379766964
1379805656
1381285557
1382396569
1382580386
1382731107
1383366262
1384318299
1384757307
1385168930
1386308184
1386643569
1388533269
1389121597
1389611862
1390360137
1391777642
1391886201
1394673645
1395425302
1396779564
1397043350
1398686531
1398850126
1399966288
1400119130
1400561777
1400894736
1401421343
1403225745
1405462767
1405524458
1406435496
1408061504
1408367683
1408759354
1409576595
1411031717
1414545647
1415636495
1415792785
1417215495
1417300927
1417460907
1418513717
1418841525
1419871467
1420447337
1420957961
1421756822
1422353539
1422534173
1423180060
1423502349
1423586244
1423771591
1424332244
1426471422
1426523693
1426992905
1427108163
1427337799
1427516138
1427683082
1428175735
1428979148
1429352996
1429577163
1429997661
1430739865
1432084025
1432369564
1432977335
1436824176
1437710381
1439075567
1439791995
1440127241
1440688758
1442506831
1443990367
1444318391
1445835084
1447036461
1449023544
1449754633
1451011528
1451445978
1451808415
1453627041
1454916516
1455530799
1455668747
1456596186
1459061948
1460095829
1461299485
1461715803
1462950021
1463004053
1463518216
1463562083
1464926298
1465858040
1466510030
1467431666
1470667824
1471129642
1471458889
1472294698
1473453828
1473676017
1474190741
1474192110
1475204809
1475214296
1475793939
1476468538
1477010107
1477387197
1477675551
1477817675
1478133216
1478932385
1480101295
1480362943
1481186171
1481546944
1481903712
1482688082
1482689962
1484269142
1484395011
1485755336
1485825546
1487923226
1489413713
1489646248
1491101923
1491578812
1492651949
1493211333
1494022220
1495016549
1495904324
1496092965
1496715268
1497413210
1502813320
1502897928
1504463813
1504642357
1505005902
1507488331
1508094329
1508185869
1509038966
1509377520
1515190773
1518509925
1520357066
1520400728
1522746269
1522820355
1524661039
1524674999
1525217200
1526593455
1526690797
1527729792
1531783265
1532289756
1533670619
1533744869
1533923926
1533994557
1534995011
1536959383
1536965538
1537399789
1537504765
1537806510
1538651066
1539543225
1539815248
1540224927
1540360804
1540741924
1541005541
1542941635
1546149136
1548118131
1548334712
1550725167
1551971507
1552185570
1552549291
1554236212
1554404186
1554411098
1556970131
1557125847
1560032533
1560074612
1562046637
1563156883
1567848249
1568016756
1568890261
1568997500
1570517402
1571504181
1571786730
1572584857
1572836159
1572836872
1573215285
1574965976
1577276986
1578965678
1579729891
1580103847
1582907372
1585300335
1586335020
1586725761
1588511420
1589302871
1589323664
1590603995
1591860906
1591863025
1594126008
1594208462
1594496370
1594565512
1596796468
1598051673
1598103815
1599595167
1599613483
1601617328
1602597140
1604169678
1607115425
1608338027
1608686688
1609002531
1609206314
1611452712
1614401979
1614841904
1616892432
1617179215
1617343790
1617855058
1617912101
1618792713
1618999173
1619705770
1621132225
1621824778
1622249672
1623322755
1624731204
1625223637
1625403982
1626057114
1626399371
1626615606
1627407437
1628529234
1629854283
1630601956
1631219953
1632136519
1633731279
1634325512
1635773484
1637033494
1637604284
1638062259
1639743843
1639881402
1641211523
1642502190
1643209961
1644428614
1644489714
1644774563
1645348767
1647164666
1647251017
1647278106
1648185602
1649873126
1650602273
1650965201
1653200312
1653764222
1655202537
1656527949
1656683561
1657186024
1657565749
1658344841
1658673885
1658994883
1659558919
1661806547
1662416421
1664609858
1665080093
1665860231
1666544436
1667925484
1668137581
1669912873
1670137602
1672293436
1673747548
1675951628
1676359800
1677568554
1677923501
1678738455
1680315091
1680677268
1680770452
1682052713
1688036008
1689684829
1689748178
1691903749
1692103620
1692601085
1698569213
1698637857
1699258850
1699887209
1701051864
1702242332
1702947089
1703144514
1703377963
1704838073
1704993983
1705065791
1705558650
1707356198
1707626271
1708018574
1708737826
1711214871
1711385312
1711833784
1715328729
1715783644
1716438765
1716780086
1716931272
1718585387
1719354955
1719717504
1720325027
1722902913
1722978231
1723101733
1723591461
1723882402
1724809277
1726196247
1726558275
1727383780
1727936674
1729694280
1730282058
1733160179
1733954448
1734006666
1734842348
1735362128
1735854515
1736524479
1736806260
1736856794
1737418565
1738342221
1738806974
1740200734
1740254828
1740902747
1740980638
1741373278
1743805640
1744811602
1746391092
1747506919
1748346419
1749053578
1751662668
1752861006
1752952462
1754212228
1754327090
1754645819
1756137944
1759657169
1761359885
1764860867
1767220958
1767481478
1768102325
1769117194
1769937844
1770852636
1771951341
1775004381
1776154843
1776994380
1777034590
1777853101
1778820136
1779834134
1780074379
1780850435
1781958558
1782390934
1782433515
1785575091
1786398341
1787779339
1788626476
1789465031
1790986939
1791120617
1791587853
1791724901
1792455388
1793266518
1794001418
1794987384
1795649975
1797702554
1801055583
1802378155
1802582056
1803558871
1805397419
1805616715
1805895334
1807946301
1809106893
1810816209
1811650634
1811711260
1812348356
1813890425
1814351958
1815246773
1815558106
1816033904
1818072584
1818626357
1818690680
1818719125
1820291966
1820404288
1820717294
1821028773
1821707573
1822972781
1823019590
1823208338
1823268524
1823508737
1824239667
1824686808
1825696699
1825813342
1826782734
1827842240
1828065654
1828582273
1828816631
1829214423
1834373071
1834856501
1835241747
1836270121
1837644283
1839090291
1839173843
1839188500
1841307441
1842851176
1842985101
1843304787
1843823418
1844390435
1845502947
1845580442
1846357587
1846963592
1847994439
1849454326
1849606159
1849792676
1850824998
1851192610
1851453667
1851897815
1853479238
1855287585
1856418032
1858621745
1860149458
1860419791
1862552662
1863031522
1863756761
1865304190
1866181917
1866417897
1866974102
1867152429
1867465836
1868057538
1868859333
1868946396
1871756036
1872849533
1873994235
1876122734
1876772150
1876863849
1877206744
1877823342
1879419819
1879725190
1881014677
1881115403
1882293218
1883338172
1884559445
1885783319
1886164724
1887531117
1888663993
1890257603
1892414790
1893166784
1894437794
1894705565
1896158815
1897236145
1897466304
1898463980
1898710366
1903234511
1903384631
1904039214
1905181072
1905463865
1905561784
1905884591
1906263092
1906267085
1906388171
1906907984
1907159870
1909389758
1910435969
1910659450
1911741617
1912023860
1912176560
1912254584
1913430116
1914652222
1915344147
1915600057
1915834256
1917800341
1920982177
1921102813
1921161211
1922210934
1922852721
1924711156
1925232629
1925326622
1926506338
1927629357
1928329814
1929544693
1929604299
1930633823
1933538085
1934257964
1935189498
1935242029
1935485380
1937522200
1938913983
1940522336
1941825770
1942500700
1944297386
1944880707
1945515628
1945797357
1945884808
1946061962
1946196465
1946360610
1946879449
1947088495
1948747626
1952758481
1953025823
1953616205
1954705040
1956041962
1956357085
1956492272
1957962851
1958212384
1958736521
1960259088
1960402750
1961768489
1962694361
1962708331
1963731892
1963898669
1965135523
1965392880
1965639135
1966907134
1968013305
1968171521
1968242061
1968448636
1969605191
1971318403
1971370994
1971543360
1971748673
1971962501
1972239827
1974229022
1974311644
1977789180
1978633929
1979212375
1979616194
1979799054
1980232626
1981324440
1981863218
1981866967
1982363998
1982873702
1984004988
1984410993
1984468312
1984695528
1987463082
1987825693
1988062394
1988085358
1988386284
1988576037
1989269797
1989543247
1989929177
1990744080
1991908909
1992044022
1992151597
1993524820
1994746668
1996290779
1997639805
1997974249
1998177777
1998352756
1999455354
1999692981
1999753324
2001155148
2002251690
2002280664
2002831562
2004357183
2006124832
2007582040
2008204393
2009453520
2009913907
2011215643
2012082973
2014160137
2015118074
2015862680
2017195655
2018070875
2019651842
2020957318
2022734850
2024277845
2024352930
2024526332
2025319059
2025608651
2026607024
2027389965
2027966131
2028216239
2028413266
2030097323
2031252443
2031383485
2033152465
2033179585
2033421089
2034183040
2034262747
2034741388
2035755049
2036846904
2037466131
2039600843
2040278391
2040300401
2040374973
2043216526
2043773355
2044121845
2045442349
2046047976
2047064504
2047748341
2048064592
2049228585
2049287409
2050702177
2050903773
2051247210
2055003386
2055964403
2056056302
2057890676
2058840739
2059638605
2060158309
2060182905
2060619229
2065473380
2066536006
2066846001
2067137884
2067460372
2069947704
2070564044
2074390484
2075207977
2075260513
2075863224
2076196336
2076572201
2077585163
2078585205
2080662789
2084856340
2086685402
2088333740
2089691725
2091473853
2093313710
2094075563
2097784527
2101806164
2102972294
2104488377
2105032934
2106608533
2108452361
2109259476
2110491989
2112430581
2113282597
2114763625
2116978710
2117227540
2118175569
2118949197
2121623018
2121989713
2122677680
2122885846
2123975922
2124742255
2125278485
2125795206
2127685358
2127771079
2128096084
2128310774
2130628235
2130805509
2131507289
2131562200
2132249234
2132693197
2133130554
2133288739
2134815077
2135940020
2136068947
2138665050
2141221070
2142159557
2145395510
2145594840
2146666704
5000115131
5001139310
5002284508
5002941225
5004672016
5005031621
5005186105
5006624422
5007407220
5007772523
5007935897
5008544008
5009336048
5009386420
5010069930
5010069955
5010126274
5010332318
5010976342
5011216313
5011798510
5011960959
5013878545
5015172627
5015495025
5016075160
5016953507
5018964701
5019282022
5019318313
5020266816
5020515388
5020649986
5021275013
5021769060
5021894257
5024765291
5025024726
5025948674
5026373732
5027177239
5027393988
5027900189
5028352241
5028374138
5029490352
5029689298
5031017427
5031592409
5031831789
5032508433
5032565243
5035872448
5036444501
5037682351
5037831942
5038005588
5038197537
5038914955
5040126585
5040217758
5040233390
5040855204
5041243997
5042747131
5043275545
5044123307
5044315791
5046896510
5047365817
5048514656
5048657954
5050699415
5050813285
5051189342
5051514079
5052104714
5052889027
5052989961
5053558396
5053591628
5054053900
5054227897
5054421344
5054942243
5058393491
5058732665
5059004569
5059592973
5060083255
5060102811
5060211692
5060754305
5061113800
5062501527
5063944094
5065285298
5066083483
5068010139
5068601282
5070084205
5070329101
5071792299
5071901583
5071953932
5072911104
5072992483
5075707057
5075945055
5078949809
5079725902
5079868187
5080901772
5081815766
5085053683
5085511413
5085816622
5087981143
5088440058
5088816345
5089712479
5090037610
5091576449
5092960973
5094235006
5094434689
5094448528
5094737828
5096127462
5098560353
5100033036
5100051934
5101751683
5102955135
5107641361
5110040031
5111951595
5113629322
5114467537
5114732097
5117095596
5118714247
5119582584
5121699789
5121938392
5122144762
5122831430
5123152223
5125977971
5126239756
5126308998
5128545893
5130010450
5130328149
5131758466
5132296217
5132324346
5133993437
5134252289
5136561970
5137499335
5138194252
5138505799
5139883513
5140067942
5142036650
5142511938
5143085525
5146111868
5147736991
5148624419
5150685677
5150898841
5151459759
5152872409
5152933564
5154698729
5156162827
5156169552
5157149625
5159258769
5160052862
5160145726
5160453418
5161717467
5162483936
5163338377
5163593858
5164730008
5165882821
5165960448
5167255350
5167380196
5167526817
5167845900
5172100125
5172249872
5172491567
5173418106
5173806401
5173956869
5176754851
5179637435
5183392834
5183799332
5186028286
5190406920
5190634368
5192606766
5194180447
5195618195
5195985707
5197140463
5197936174
5198413500
5201625254
5204214947
5205565294
5208539308
5208790624
5209758802
5210386544
5210493857
5210516376
5210982802
5212441272
5213610427
5213862847
5214215293
5214872750
5217025217
5217568400
5217594790
5220237562
5222182381
5226666994
5226680319
5228704578
5230072422
5230189131
5230438573
5231266750
5233572679
5234007535
5235737799
5236392288
5240222198
5241224520
5241385928
5242583597
5243710377
5243730999
5245162373
5245266037
5245825481
5248083264
5248809448
5249849359
5250308523
5252577445
5252904859
5253492611
5253893044
5254095436
5254725759
5255494574
5257811015
5258786210
5259291374
5259353281
5261137735
5262188464
5263657649
5263765570
5264028413
5264064293
5265010857
5265339959
5268000669
5272021367
5273375490
5276976667
5277426975
5277982030
5278270539
5281045486
5281303967
5283641213
5283794036
5284437502
5285599871
5285854563
5286256686
5287165658
5287770060
5287875835
5288833409
5289274295
5289431196
5289457408
5289901388
5289920689
5291037407
5293084364
5296621046
5297786351
5298139288
5299277401
5300096514
5302053111
5302475650
5304761675
5306203669
5306975594
5307124609
5307963052
5308843150
5309097171
5309298115
5310488241
5311027706
5311681889
5312057391
5312326125
5312478730
5313018564
5313585352
5313848829
5314716387
5314861585
5315112020
5317296789
5318507723
5319805003
5320578055
5321697630
5322188495
5322696033
5323045519
5323164317
5323170209
5323632699
5325244027
5325749667
5325872816
5326909377
5327419528
5327767142
5328900693
5331855664
5331887437
5332828879
5332908922
5333187637
5336420644
5337043527
5339084341
5340685926
5343628113
5343894564
5344766683
5344887456
5346077115
5346217121
5350578310
5352389164
5352757715
5353858844
5354164877
5354263319
5355019244
5355973533
5358779671
5359426676
5359691552
5360944305
5361274528
5361328161
5361582557
5362669522
5366665101
5367707247
5368962089
5369218775
5370355993
5371756630
5371827254
5372207095
5372271719
5376106587
5377519256
5378172736
5378492235
5379738472
5380688917
5381612193
5382155971
5382802768
5384154397
5385654611
5387838665
5388215057
5389123521
5391734216
5392244104
5392921975
5393768515
5394153540
5394516412
5396181035
5396207447
5397990929
5398036489
5398661408
5398935871
5399488201
5400310175
5401525270
5401783179
5402229006
5404239620
5404288071
5405064769
5405423075
5405927545
5406007935
5406958616
5408447652
5409254135
5410298582
5411185748
5411575978
5412094843
5412529107
5413040289
5415488161
5416958830
5417040477
5418142728
5419668039
5422039328
5422228746
5422672110
5423528336
5425289478
5425827155
5427351256
5429002348
5434507855
5435195865
5437008291
5437392385
5438561336
5439372808
5441491101
5441754070
5442916165
5442930331
5446657157
5446854991
5447301518
5448643231
5448985882
5449808850
5450041448
5451086855
5451217613
5451915845
5452851596
5453786188
5454547241
5455909895
5456399930
5456508495
5456882512
5457975633
5463366193
5463854728
5464968585
5465825592
5466042024
5467085229
5470769718
5471041026
5471266877
5471932171
5472542117
5472691065
5472691728
5473375957
5473406292
5473495445
5475025267
5475314095
5475331941
5476561444
5478590468
5479252372
5479735132
5482230978
5484450129
5484720446
5484787598
5485527343
5488130611
5488270915
5489843759
5490611490
5491598866
5493412757
5494900058
5496499819
5496603708
5496990706
5497700357
5500233317
5500612440
5501045341
5502305785
5503052025
5505482220
5505825062
5507426239
5508751933
5509939430
5511401739
5511502616
5513444339
5513663341
5513899894
5514051296
5514162053
5514841726
5516264376
5516504161
5516756726
5517461725
5517735758
5519438834
5520115019
5520393240
5520443382
5522390991
5522732361
5522861101
5522875440
5527839497
5528267151
5528360844
5529116557
5529930512
5532474117
5533076810
5536360961
5536916873
5539856866
5541149941
5543361087
5545614073
5546651961
5547193657
5548992107
5550052255
5550190546
5551227959
5552270985
5553142710
5553914490
5555854957
5557514867
5558210949
5558541372
5559462419
5561197237
5562409451
5563734108
5564051564
5564556380
5565649396
5566156422
5566218566
5566731663
5567330240
5567907235
5569557457
5570021396
5570545884
5571180401
5572832404
5574099091
5574994943
5575306949
5576264027
5576487400
5578530547
5578627960
5578871675
5580242989
5580528035
5580733884
5581163806
5581540006
5581963371
5582205112
5582516692
5582725989
5583371013
5583420255
5583731436
5583827982
5584708517
5585481435
5586476180
5588619861
5588716134
5589098301
5589667681
5590663376
5591509632
5592101647
5592295540
5594898118
5595854726
5597307622
5598180643
5598286678
5599954947
5600547886
5601172240
5601909853
5602129869
5603489553
5604128286
5604425327
5604822401
5605281054
5605494483
5605593561
5605662580
5605814550
5606646227
5607048075
5607068171
5608972049
5609590261
5611210806
5612850052
5613955598
5614207202
5616937936
5617197691
5617594402
5618707737
5620003621
5620031637
5621934063
5622062491
5624414292
5624812151
5625151647
5625538970
5625820673
5627803472
5628723960
5629704107
5629783220
5629881521
5631222272
5631929412
5632468123
5634586319
5637025534
5639981749
5640395370
5640555738
5640588599
5640825820
5640839492
5640913198
5642554410
5643543937
5643661751
5644732040
5644902988
5645829585
5646084509
5647334200
5649030871
5649633301
5651660877
5652111499
5652406834
5652762821
5654497778
5655093938
5655750946
5656711902
5657104367
5657852518
5659029907
5659479512
5661268456
5661358585
5661888212
5663066050
5663272703
5663460878
5663481438
5665716633
5667890712
5668037739
5669041593
5669180713
5669972453
5674854699
5677550236
5678421413
5680242660
5681334624
5682158035
5682248544
5682255466
5682320294
5683344414
5683483028
5683675161
5685098155
5685188937
5687833461
5688386345
5688743116
5688949216
5690623089
5690871986
5691051314
5691138744
5692783168
5693472003
5695048687
5695300474
5695622716
5696749352
5696961433
5697091742
5697177953
5699726702
5701564806
5701959718
5702772443
5702907783
5702909496
5703375813
5703986710
5704878212
5704968830
5706350563
5706958482
5707819413
5708425736
5708486676
5708893907
5709007145
5709320994
5710507300
5711114108
5711202163
5711224675
5712225012
5712554506
5713058221
5713273123
5713763779
5714840301
5715000129
5716882372
5718626045
5718704914
5720047792
5720462335
5722177772
5722416683
5723952189
5724755114
5725334907
5725868643
5726086424
5726639695
5727374725
5727923440
5728182182
5728605236
5729148904
5729545442
5729599828
5730172061
5730315666
5731048278
5732529205
5734831554
5735150045
5735353486
5735367605
5737726705
5738280352
5738590760
5739579751
5739922866
5741039194
5741134840
5742163551
5744110171
5746348060
5746878086
5747150856
5747195573
5747502209
5748131217
5748374493
5748972080
5749054694
5749366695
5750057192
5750162093
5751014156
5751534192
5751563088
5752914421
5753296446
5754135221
5754581704
5755952278
5756489017
5756625053
5757066164
5757583881
5759653074
5759898181
5761218106
5761647888
5762449968
5763110506
5763340632
5763610645
5764243255
5764660606
5764999734
5765944547
5766684989
5767577176
5768172872
5770189994
5771214479
5771268508
5772389635
5773190004
5773368944
5774896400
5775655688
5775655745
5776264626
5776407442
5776730791
5777679411
5778069263
5778823809
5779239187
5781431709
5781896542
5782430416
5782599170
5782808567
5786450486
5786457087
5787638377
5789377055
5789438987
5789770282
5789955488
5790811833
5792411423
5792535607
5792942261
5793624533
5794026144
5794533001
5794581873
5795822455
5795968591
5795984590
5796453747
5797220266
5798322716
5799144996
5800204279
5800870607
5801122732
5802129958
5803848044
5805025791
5805429281
5805715238
5806528752
5806728385
5807660288
5808986828
5809784523
5809816236
5810231622
5810546271
5810823261
5811251729
5812133853
5812192975
5813741604
5814740116
5815727394
5815880857
5816427670
5817083150
5818620198
5820547051
5820551178
5821845462
5822332176
5822513915
5822856740
5823551006
5823714419
5824551331
5826532227
5826761815
5828181718
5828449865
5829998855
5830652457
5831238064
5833010819
5833583686
5835933150
5836667766
5837379303
5839362375
5840359591
5840965361
5842607836
5843731551
5844188201
5844951987
5845623869
5845643871
5846787961
5847285168
5848550764
5849919080
5851812227
5851888571
5852243999
5852630658
5852832782
5854015799
5854170197
5856261785
5856962469
5856976687
5857028809
5857095512
5859625258
5861763809
5862267007
5862893713
5863850200
5864146013
5864261271
5864764230
5868150319
5868435335
5868592545
5870733881
5871823027
5871912436
5872273976
5872935149
5873962850
5874085913
5874468726
5876414413
5877128485
5877373759
5877903355
5877980261
5879473159
5880585845
5882171328
5882273247
5882757632
5883773389
5886405754
5886984665
5887563585
5888052213
5889452752
5889916787
5890723736
5890834170
5891532293
5891635952
5892508776
5892720095
5893505255
5894202270
5894257449
5894596240
5894650324
5895218178
5895463625
5896836283
5897224561
5897350052
5897655831
5899283681
5899390897
5900850156
5901338295
5902206199
5902903429
5902939411
5903782372
5904501426
5904565442
5905322971
5907676106
5907706433
5909080750
5909081768
5909828849
5913766791
5915122184
5916579957
5917219097
5917907361
5917962184
5919084142
5920358661
5920450037
5920654541
5921475031
5923644401
5924038642
5924089605
5924916181
5926867543
5928187347
5928994813
5929520919
5929886638
5930454298
5930483268
5931095641
5931489816
5931516661
5932479691
5932813123
5932855941
5934051409
5934860378
5936073965
5936542464
5938965626
5939614455
5940116342
5940443672
5941590152
5941616526
5941805852
5944140696
5944197370
5945101915
5945696596
5945912476
5945970321
5946004852
5946827665
5947952858
5950548061
5951119556
5951140934
5955663753
5957311802
5959107591
5960683156
5962658309
5962758047
5963734863
5964652994
5966371357
5967624274
5967632446
5968878262
5969224306
5969874887
5969974503
5970184341
5970284931
5970985724
5971044134
5971311767
5971695762
5972222463
5972995631
5973655422
5975885918
5977191264
5977967471
5978313647
5978534282
5979975726
5980582384
5981023062
5981172188
5983378103
5983763586
5985438509
5986823213
5987096231
5988089321
5988760606
5988791199
5989477445
5989793172
5989902549
5990987178
5991920176
5992405470
5993983617
5994912158
5996301959
5996414941
5997432012
5999647665
6000612147
6002042278
6002085171
6003814398
6004789518
6005448731
6005855794
6007599818
6008092376
6009142515
6011906203
6012190563
6013938474
6015896229
6016470168
6016479415
6017088207
6017110459
6017831915
6018127943
6018397704
6018801880
6020547179
6022839370
6023752382
6024993277
6025863735
6025994817
6027302356
6031800283
6032139264
6032393712
6033310188
6033835447
6033921117
6034259717
6034571259
6034670241
6034878863
6036211775
6037670356
6038940009
6042451099
6043120054
6043883789
6044003372
6045881686
6045888417
6047163716
6048677144
6048902076
6049365703
6050053100
6050632692
6050818686
6050968510
6051424121
6053665974
6054352115
6055813171
6057479603
6059083765
6060964553
6061149533
6062170727
6062896091
6063080499
6063119028
6064323106
6064660090
6065414245
6065526512
6066701474
6066884430
6070160742
6070832971
6072722395
6073255919
6073393957
6073785649
6073967490
6074656478
6076503681
6077943768
6077985880
6080355423
6082614828
6085261505
6086688120
6087004768
6087739585
6088612777
6088814124
6089979511
6091942793
6091944619
6093439195
6095868497
6098415904
6099019385
6099241241
6099781502
6099946411
6100366503
6102687256
6103593240
6104351870
6106156392
6110587793
6113410598
6114528236
6118177668
6118733438
6118867966
6119561072
6122159105
6123428431
6123922162
6126010919
6127255655
6129864813
6129913485
6130043094
6131299458
6131341673
6135452834
6136915321
6136921152
6138869976
6139098612
6139911191
6140264559
6142705626
6142799022
6143642596
6144296936
6146323461
6149092550
6149886281
6150542194
6150715578
6151679913
6153254595
6153410907
6153743076
6155225625
6156014641
6156248631
6158332417
6159751950
6163152835
6164319253
6164576256
6166560811
6167716425
6168099861
6169310311
6171091569
6177460473
6180321705
6180706189
6181882580
6181918643
6185596889
6189602564
6190188141
6194162010
6196288154
6202627374
6203542370
6203559814
6205334377
6206148148
6208201867
6210550092
6210696257
6213007694
6217015543
6217120314
6218145725
6219086911
6220886896
6225907112
6227157605
6233372998
6234165912
6236408362
6238227071
6239765022
6241150444
6242983480
6244376285
6246215966
6246259508
6249079285
6250266453
6250361223
6250681620
6251071618
6252311637
6253985459
6254251874
6254761876
6254991526
6255253918
6255312074
6257960373
6260313110
6263584900
6265078333
6266296130
6266984298
6272932108
6273958016
6277303213
6278095077
6282201064
6282771519
6283185414
6286111942
6288592177
6289038800
6289410021
6290290458
6291204448
6292520598
6294109777
6294653284
6295318872
6296584898
6300930357
6301003217
6301555805
6302286049
6304614702
6306379661
6307031569
6308857854
6309322294
6311752732
6311808311
6312808377
6313650982
6315578028
6315950897
6316822135
6319257446
6320035291
6320967391
6321529378
6323341700
6323589179
6323689332
6325085268
6327554317
6327784984
6329427781
6329833922
6329856437
6330383662
6333333081
6333760317
6336150037
6337255407
6343903562
6344318321
6344989448
6345421682
6346333071
6346481490
6347762291
6351650606
6352919431
6355524859
6356062724
6356657482
6356658943
6361545594
6362436035
6363201188
6364107131
6365120276
6365423582
6366302963
6366651515
6366846634
6367261390
6369532030
6369756115
6372709962
6373572112
6376006390
6378987003
6379899099
6381333550
6383281411
6384197527
6385324331
6386672317
6387539272
6387691705
6393719098
6393930190
6394207585
6394638405
6394896627
6396388075
6396473168
6397726853
6397751160
6398353232
6402480403
6404350628
6404851197
6405444447
6408454567
6410815503
6410849696
6413273791
6413735948
6414760033
6414761126
6417255077
6417306558
6417722484
6417780257
6418749473
6418794084
6419770052
6420135477
6421529819
6422030682
6422107597
6426422437
6429341349
6429500399
6430091612
6434675117
6437951517
6438763633
6438962200
6441995405
6442142537
6442804193
6444175245
6446200529
6447369159
6448422148
6449214805
6449469750
6453389966
6455344374
6461599078
6463256667
6464524971
6466437599
6466476027
6467523035
6469829614
6471406792
6473423289
6477967780
6478010409
6478325333
6483077115
6484645850
6484910682
6485100132
6486414548
6486784337
6490616429
6490882416
6492135015
6493057035
6494313387
6495272757
6498255383
6499664676
6500470065
6501549184
6501890663
6502123885
6502178641
6505996479
6507326951
6508121356
6508312580
6509512776
6510331680
6510862052
6513399763
6513818424
6514051846
6515568088
6517019705
6518487714
6521448232
6521756117
6522484331
6523077601
6523252404
6525684363
6527211745
6527298606
6527962433
6528318913
6528421868
6530980234
6532429638
6534421082
6535793206
6539934353
6540157681
6542008616
6544014464
6544483549
6545069451
6545568790
6546817669
6547702757
6547927093
6548516654
6549238600
6551739563
6552030433
6553454188
6553977261
6554717589
6555142815
6560112887
6561122824
6562045675
6562630659
6562743934
6564820733
6565411924
6565939445
6567580309
6568889055
6569217719
6570032130
6573230628
6575568957
6576960788
6579019295
6579454864
6580060598
6580776188
6583804652
6583975177
6584421549
6587776124
6588403169
6589004356
6591628848
6591712238
6594127834
6595151910
6596016416
6597394300
6597585177
6599775383
6600420744
6600459915
6600830974
6601320621
6601641388
6602942039
6607114042
6608439790
6608649059
6611919533
6615424442
6615448758
6615566821
6618016204
6621699301
6621826011
6626151080
6626552935
6627918786
6628155395
6629687377
6629734578
6630923892
6631127849
6636016197
6637013856
6637227297
6638209161
6638366759
6638649056
6641405661
6643145375
6644583195
6644804702
6644896071
6646692906
6647142454
6649161739
6649721465
6650310239
6650927763
6651208252
6652604557
6655343317
6659589774
6661324969
6663689715
6663878923
6664653866
6673668720
6674153751
6674605256
6677666004
6677986680
6678654152
6678923938
6679055055
6679187481
6679610286
6679804367
6682405345
6682843175
6683201393
6684096765
6684560705
6688182271
6690676915
6691054034
6693212696
6693466129
6693676632
6694374605
6694397046
6694568187
6699361933
6700417882
6701482930
6703965097
6706892291
6707143643
6707603938
6707742531
6708143860
6710800910
6712277889
6714629609
6716066174
6716088088
6718435850
6719647344
6719862084
6720736476
6722497295
6723717154
6724647702
6725944173
6726016680
6728608159
6730034075
6732544012
6733911146
6735259214
6739377755
6740256222
6740392267
6742032486
6742807309
6744448964
6746127168
6747992690
6753763460
6755505094
6757913912
6758665557
6760859152
6761954370
6762904643
6763149553
6764546212
6767284811
6768213156
6769070822
6770661297
6770904114
6771993005
6775666144
6775995861
6776252095
6777525381
6779154579
6779810115
6780029988
6781626097
6783299589
6783365535
6783534923
6783717586
6784257432
6784531529
6784866650
6786794438
6786947881
6786980616
6787743420
6789147548
6789299171
6789855521
6790419208
6793301741
6793518380
6796342847
6797911033
6798075551
6799425276
6799581447
6801091173
6802819606
6802868159
6803096949
6805218103
6805402533
6807666774
6807883102
6808836997
6811532080
6812476590
6813231777
6813692201
6814026381
6814951938
6816670208
6816941712
6816999777
6817699736
6821338277
6821719400
6823590090
6824512995
6824740868
6825091420
6825517088
6826713631
6827785568
6831504001
6832804726
6834682362
6837299052
6838598065
6838859049
6838957604
6839063103
6839508734
6839893906
6841991440
6843454939
6846382282
6846778520
6848707434
6849247558
6850179155
6850944172
6851706878
6852897925
6853292723
6854064110
6854585701
6855811991
6857055952
6857146361
6858595672
6859740904
6860760710
6861876902
6863572343
6863946136
6864460736
6866960830
6867741770
6870556923
6874451761
6875416710
6875641739
6876708927
6876756481
6876965721
6879114624
6879592435
6879943455
6880018947
6880460072
6881002775
6883046900
6883097955
6885424724
6886524777
6887127477
6888057620
6889902201
6890130627
6892120548
6892239953
6897074916
6899283817
6904319129
6910357276
6913031705
6913470918
6915502306
6915631193
6918098887
6920124477
6920309791
6920663202
6920959311
6921601233
6924743977
6926018361
6926143154
6930849381
6932600548
6932728259
6932784646
6934457757
6934821084
6937765632
6938083087
6938867024
6940717264
6942091199
6944449769
6944456832
6945714261
6946594614
6946946159
6948096824
6948413370
6949443789
6950296590
6950679683
6950854232
6951971776
6952211561
6954733493
6956145565
6958655459
6959515395
6962077356
6962148875
6964111592
6965151301
6967892935
6968286974
6969716340
6970169042
6971900534
6973750714
6974726394
6975106463
6977277146
6977622272
6979393596
6981958936
6983295265
6984766335
6989532612
